7.799999999999999822e+00 2.232862317799485741e+00 -2.022330303590769596e+00 1.064996693440892317e+00 1.794698284514547737e+01 -1.519654752307959544e+00 3.897914800336065855e-01
7.899999999999999467e+00 1.855848252220611627e+01 -1.493689925870677060e+00 5.601882117438508057e-01 9.257358420549484990e+00 -1.476797717085429396e+00 2.127463172646592571e-01
8.000000000000000000e+00 2.329993393834568050e+00 -3.023610623641816098e+00 2.028759956123575847e-01 3.316809913554843092e+01 -1.489916056806821709e+00 4.884730379363089181e-01
8.099999999999999645e+00 3.572158290574118489e+00 -2.994780613238226863e+00 2.075991912591148569e-01 4.140570324093999943e+01 -1.432075105770536094e+00 4.861265011272775660e-01
8.199999999999999289e+00 6.677263372645815309e+01 -1.452086783994970709e+00 4.705746612263110307e-01 -2.204541787107939399e+01 -1.605628242914188375e+00 2.940282382649068715e-01
8.300000000000000711e+00 2.499635335843687045e+01 -1.041663350227338469e+00 1.296362918155314070e-01 5.237420234977240341e+01 -1.364391099945269969e+00 5.446534378761873629e-01
8.399999999999998579e+00 4.187631705244713487e+01 -1.007096947668808307e+00 1.970572614426373270e-01 5.266681693914727447e+01 -1.283809069302456196e+00 5.606531599110862185e-01
8.500000000000000000e+00 5.160870963659779420e+01 -1.240345876525925650e+00 5.890688703444967311e-01 5.348941809011319748e+01 -9.576497510516936984e-01 2.612375009629916423e-01
8.600000000000001421e+00 6.041233859016062269e+01 -1.177172627921247328e+00 5.188853746685684332e-01 6.545055977835157535e+01 -8.540953824356013468e-01 2.671843175861610686e-01
8.699999999999999289e+00 1.019115541476273563e+02 -9.980197600999071161e-01 4.512962472799392222e-01 5.457879291864301052e+01 -7.278313025310731987e-01 1.506987671566812903e-01
8.800000000000000711e+00 8.618571367351742651e+01 -1.033406866019069614e+00 4.711488209345464639e-01 9.174695766931586149e+01 -6.748908904554016264e-01 -2.181586802585429863e-01
8.899999999999998579e+00 7.357926297799828319e+01 -1.047780997170786321e+00 4.846646992009522870e-01 1.178042278242167811e+02 -6.681244316288866836e-01 2.531411936790588513e-01
9.000000000000000000e+00 1.511316431317774800e+02 -6.172844151555004766e-01 2.676911844681358899e-01 6.296785948434959579e+01 -1.079579598572266930e+00 4.951328939445776012e-01
9.100000000000001421e+00 7.074848495348830113e+01 -1.006666819407066260e+00 4.632808893539245854e-01 1.645032979660131787e+02 -5.296773815215098935e-01 2.475462413688631347e-01
9.199999999999999289e+00 1.912027651245909681e+02 -5.017870298719919742e-01 2.477386741149733285e-01 5.414504761806052358e+01 -1.004161243722498487e+00 5.058140041651673080e-01
9.300000000000000711e+00 2.210505313836204948e+02 -4.691119196598531604e-01 2.375827379893597491e-01 4.063799297302681879e+01 -1.015624547085810958e+00 6.406787080669347212e-01
9.399999999999998579e+00 2.211931070351834308e+02 -4.385043005990408860e-01 2.456732457857812857e-01 3.024897118784766903e+01 -1.117864935598181342e+00 8.175556475807321810e-01
9.500000000000000000e+00 2.027644209973556713e+02 -3.979994588150563839e-01 2.730373450328962281e-01 2.490054318658270205e+01 -1.342675403749612251e+00 8.370983061726431362e-01
9.600000000000001421e+00 1.895745214696672178e+02 -3.353599904488148709e-01 2.767386541958365975e-01 2.725771785874466602e+01 -1.387471072346910361e+00 8.142631808072688937e-01
9.699999999999999289e+00 1.681238277248876898e+02 -2.743988049546792762e-01 2.928442996496595785e-01 3.042595921959784278e+01 -1.497217120435965221e+00 7.379715303355917078e-01
9.800000000000000711e+00 1.564418830235040048e+02 -2.111074406256294722e-01 2.962646734634897805e-01 3.437006738291619001e+01 -1.646201601868066522e+00 6.525019093264901038e-01
9.899999999999998579e+00 1.424082792860043298e+02 -1.599932760353299233e-01 3.139426263321936084e-01 3.862505590551430146e+01 -1.684981994229690638e+00 5.852945283963915113e-01
1.000000000000000000e+01 1.285700590558695922e+02 -8.651080773352765041e-02 3.090347982983762121e-01 3.984778334414076539e+01 -1.665596323232730880e+00 5.993863668811547640e-01
1.010000000000000142e+01 1.201807534420514401e+02 -2.449661531673130374e-02 3.004334440782580606e-01 4.222974664164122771e+01 -1.637080705378992196e+00 5.725573290635947998e-01
1.019999999999999929e+01 1.073571067863792194e+02 2.446469657609846513e-02 3.142229198457189843e-01 4.372330601182834187e+01 -1.592280963319127718e+00 5.810184813390163461e-01
1.030000000000000071e+01 9.287649046586545865e+01 4.966036036150400096e-02 3.463684370602373996e-01 4.556757667331704909e+01 -1.604661024586930385e+00 5.461033102017393004e-01
1.039999999999999858e+01 5.164939010167852729e+01 -5.453241560930567333e-01 1.150716461742282926e+00 2.086681739787479017e+01 -3.618743417427761067e+00 -6.877809407586667895e-03
1.050000000000000000e+01 6.494378683209727399e+01 1.339765188338475910e-01 4.000823989579634365e-01 4.958583338312681832e+01 -1.504261086953840421e+00 5.504399818529864818e-01
1.060000000000000142e+01 5.239911723297073820e+01 1.686665642178954982e-01 4.022875029814988457e-01 4.636199876715936341e+01 -1.457235186773943925e+00 5.292369558559972820e-01
1.069999999999999929e+01 4.266925251382527051e+01 2.218374396845439744e-01 3.868641521995232480e-01 4.529030265582509429e+01 -1.405012187690241721e+00 5.092327843206905236e-01
1.080000000000000071e+01 2.833768722518739125e+01 1.829198210461937535e-01 4.482167452658526452e-01 4.135950933241872463e+01 -1.392498198560664813e+00 4.360871423033491068e-01
1.090000000000000036e+01 1.845679565822285895e+01 2.691607987996987861e-01 3.824249911912056543e-01 3.121343505496541582e+01 -1.292518032999906419e+00 4.972417133025802682e-01
1.100000000000000000e+01 1.055895729799265936e+01 2.390694273604877240e-01 4.344664599722677378e-01 2.628321697149062430e+01 -1.267359728617053038e+00 4.692434875986647436e-01
1.110000000000000142e+01 5.001158440423264295e+00 2.619742755766720221e-01 3.349406255880076899e-01 1.924594303791998584e+01 -1.148718777609448738e+00 4.697233335640670360e-01
1.119999999999999929e+01 2.043360376687837743e+01 -7.023400707204227045e-01 2.640055655008295699e-02 1.358980771029571599e+01 -1.092515339018727882e+00 4.369001664968207854e-01
