-6.025456632741851948e+00 9.870360422954702173e+00 -2.748628865170540436e+01
9.036879282781338674e+00 8.448074432488553498e+00 -6.821617659448523163e+00
5.294837319509309026e+00 8.207725385492494752e+00 -1.156240613305608811e+01
4.948225117519999827e+00 4.247686786331790643e+00 -4.028174873710451465e+00
-7.198403833173074418e+00 5.419959738713322039e+00 -1.871991346740187012e+01
-7.783294932795179477e+00 -9.751888053864504968e+00 1.100282236287858773e+01
-1.423430781380183863e+00 -5.410785365193016005e+00 7.456059473506288171e+00
-7.341594569939122294e+00 9.240003771038951541e-01 -1.011172651014338619e+01
9.259293277240161046e+00 4.238881817979733846e+00 2.391008894108126004e+00
-4.775116995626271788e-01 6.537331870379792242e-01 -1.245913836467772873e+00
-9.454079146419025470e-01 4.938947489708325200e+00 -1.302812005794182504e+01
-3.367286694664195501e-01 -2.366230117885723683e+00 3.730985326510999123e+00
-1.031352770598021884e+00 5.136068661758564247e+00 -1.297411004903600151e+01
-5.210329541859566760e+00 -8.620061728897201903e+00 1.306813710607073631e+01
5.464676264695304653e+00 -9.223937427281212464e+00 2.548682027442072595e+01
-7.466913402894728158e+00 -3.192842866056497808e+00 -3.354647334484123000e+00
4.339265615467691184e-01 1.460973342693230315e+00 -5.191255396209470518e+00
-4.307267825483648949e+00 -9.631907819995637610e+00 1.750437705631111740e+01
8.631967369921513367e+00 4.558781978968484694e-01 1.180309194129572425e+01
-6.298489360081259036e+00 -4.175170666526437202e+00 1.878066098946676421e+00
-9.242895703497218562e+00 -6.691587259418405154e+00 1.599759744419041230e+00
7.306932477550402538e+00 -9.660465165964127188e-01 1.109634728912490331e+01
7.312019727023775673e+00 3.681365337372488611e+00 -1.541194079059905242e+00
-6.887252487079007501e+00 -8.198281701567553981e+00 8.945681488422819072e+00
4.933958188263476430e-02 4.093713442924109103e+00 -1.108770307712500625e+01
1.537308390451757045e+00 3.968649231351442097e+00 -8.541448712382496922e+00
-9.278477135293172751e-02 -3.165382455151490859e+00 7.924172508011379179e+00
-9.054223787639399390e+00 -7.609350576137940969e+00 4.425443569919069731e+00
-3.359734410886023870e+00 4.455702535701511202e-01 -6.856102287503401449e+00
3.637676420588062953e+00 -8.959233386198446780e+00 2.650666590602390471e+01
8.536748154552771695e+00 -6.857069321508646453e-02 8.796787171457554066e+00
-5.108694815480660623e+00 -1.368909927553652039e-01 -3.543336800789696373e+00
1.631166084439312769e+00 8.108936993595012410e+00 -1.712830257886706420e+01
-2.287555365517226491e+00 6.891149979538877091e+00 -1.949186226438334657e+01
6.931153703424126178e+00 7.887876451530411614e+00 -1.094469832964272626e+01
8.505546220504365706e+00 -9.399975396079995882e-01 1.318577391146042999e+01
-6.329956593578329738e+00 6.599687215985561295e+00 -2.089819074393317067e+01
-9.348548444688091763e+00 9.934310699024912594e+00 -3.191332490607306838e+01
-1.469429724671313942e+00 -5.579702997175459700e+00 1.126781300786390716e+01
7.047202841271838381e+00 -6.893140424074970518e+00 2.110522517411391163e+01
1.909517954422801367e+00 2.963456568878659603e+00 -2.717611815974211531e+00
-5.042693428681809920e+00 1.419866874894848419e+00 -1.176569969330840060e+01
-5.683453721169562378e+00 -7.137749137449461045e+00 1.026408180042516172e+01
7.035320760703114296e+00 -2.137129006772098272e-01 7.972169067946394350e+00
-2.079276825868743295e+00 -1.277070191787741393e+00 1.826033779332184359e+00
-7.476666049427835858e+00 1.701456089515831493e+00 -1.361267962263099740e+01
6.515063105151879697e+00 -5.449697090829392465e+00 2.093530080150313566e+01
-5.581773902973090173e+00 -4.452352415922344875e+00 4.649791517928334450e-01
-9.948665623418060378e+00 3.956722201653164461e+00 -2.031112997143920751e+01
1.563930415406025176e+00 -5.977641478372241579e+00 1.361524891004833648e+01
-8.861968746604576452e+00 4.713191848097979531e+00 -2.372369040203005142e+01
5.973596747993619616e+00 4.139769695874995215e+00 -1.711865904109343139e+00
-7.859726012127050687e+00 -2.233820560609549588e+00 -2.987053578807265630e+00
-8.015208186877755381e+00 4.694400297107308440e+00 -1.800822695427180165e+01
-2.772494425734284285e+00 2.025898959770620067e+00 -6.875811103625096621e+00
1.226342129848085882e+00 -2.588049792668012383e+00 6.885577997775832237e+00
3.850215118186157692e+00 8.038168017192472092e+00 -1.353380092844650484e+01
-9.893017092411529489e+00 -1.536584472207329632e+00 -1.145479206468541555e+01
-3.867743581122546903e+00 3.578913653369286685e-01 -8.102609262843703419e+00
-7.839728152804736894e-01 -2.841621665456117718e+00 7.631539014443013080e+00
-3.122661056262878709e+00 6.879165181709609556e+00 -2.081348267691167919e+01
-9.605368247885248678e+00 4.979973543074756037e+00 -2.158574888857766894e+01
-2.699099144478265266e+00 -7.878000719479505420e+00 1.238672922350138528e+01
-9.352007077204751440e+00 -1.015590204637879523e+00 -1.110608087832265412e+01
-1.485453179332358875e+00 9.664950696972628208e+00 -2.208273352468029671e+01
-3.042396749538036627e+00 2.476457318805436181e+00 -9.421319363012150561e+00
-1.262890951469735068e+00 2.683686711561577010e+00 -8.645360272304600358e+00
-3.741232525118018959e+00 -9.297129476461114095e+00 1.703389090194734479e+01
-8.793736359423681037e+00 7.839335228822623236e+00 -2.762290269574519641e+01
-6.279387921587860077e+00 -2.098752670239985019e+00 -5.673237951986958905e+00
-8.321718348253362763e+00 1.348669837866725008e+00 -1.560713027449534707e+01
6.105315183250510813e+00 4.283768563956639852e+00 -2.005520575114147164e+00
9.805926253936263493e+00 8.929614366052211594e+00 -6.420903572612179033e+00
-4.584684930087441046e+00 8.528060433819575792e+00 -2.650892146988816123e+01
-8.881134724650509682e+00 9.534941179014674972e+00 -3.294143495915854913e+01
2.916031623814085982e+00 2.089997522122000184e-01 4.568419999850382496e+00
9.994292168292918888e+00 3.493672086935155630e+00 5.698025297135352218e+00
2.480697736214008131e+00 2.299294452678419809e+00 4.111660926774964864e-01
7.895494514549303844e+00 1.444342858402696272e+00 5.828089432925447788e+00
6.726020825414749105e+00 5.208295291578197705e+00 -4.247100725112925801e+00
1.209945604678472897e+00 -1.626187241060761401e+00 2.969513233202087488e+00
-3.466500028536436684e+00 -4.119220113143673423e+00 5.189602896721181580e+00
6.210104297897716563e+00 -2.807504550209232175e+00 1.417260692543304046e+01
9.217215458865002375e-01 6.113740364399409266e+00 -1.097910867060322637e+01
2.761350022196031873e+00 -2.978907388562421765e+00 9.212715559731639914e+00
-4.770973501232342429e+00 -1.388426714735839784e+00 -3.535968129702078855e+00
2.113265751479975751e+00 -9.826068095182471041e+00 2.635037690337830441e+01
-2.028491544961095183e+00 -1.616166251246609065e-01 -3.100190277615524792e+00
